0000000000001010
0000000000011101
0000000000101010
0000000000110010
0000000001010000
0000000001010110
0000000001110010
0000000010001001
0000000010000001
0000000010001100
0000000010000010
0000000010000100
0000000001100101
0000000001000010
0000000000111100
0000000000100011
0000000000000100
1111111111001100
1111111111011000
1111111110111100
1111111110100011
1111111110101110
1111111110010000
1111111110010001
1111111110010000
1111111101101111
1111111110011001
1111111110011000
1111111110111101
1111111110110000
1111111111010111
1111111111100001