1111111111110111
0000000000100111
0000000000101100
0000000001000010
0000000001001101
0000000001110001
0000000001111010
0000000001100111
0000000001101001
0000000001111100
0000000001011111
0000000001100001
0000000001100111
0000000000101001
0000000000111101
0000000000001111
1111111111111010
1111111111110111
1111111111001011
1111111110101010
1111111110100111
1111111110011110
1111111110000001
1111111110000000
1111111110000011
1111111110001001
1111111101111011
1111111110010101
1111111110010111
1111111110111000
1111111111001111
1111111111100111